080916C 4.35 6953.87 1188.77 10.40 0.24
090323 3.57 2060.09 138.07 15.76 0.39
090328 0.736 1221.71 81.87 7.99 0.20
090424 0.544 236.91 4.55 5.72 0.09
090902B 1.822 2146.57 21.71 39.05 0.22
090926A 2.1062 868.63 13.85 17.90 0.13
091003A 0.8969 857.81 33.08 4.43 0.08
091127 0.49 60.32 1.93 2.25 0.04
091208B 1.063 202.63 20.10 0.75 0.04
100414A 1.368 1370.82 27.68 11.88 0.16
100728A 1.567 797.62 18.05 11.74 0.17
110721A 3.512 8675.78 852.66 6.14 0.09
120624B 2.2 1214.47 26.24 20.49 0.25
130427A 0.3399 294.25 5.86 31.72 0.20
130518A 2.49 1601.40 32.19 11.40 0.11
131108A 2.40 1163.20 28.54 4.85 0.05
131231A 0.6439 370.15 4.97 17.42 0.12
141028A 2.33 1320.18 50.90 4.89 0.06
150314A 1.758 985.66 13.20 9.20 0.12
150403A 2.06 2428.51 160.80 8.10 0.17
150514A 0.807 137.84 14.93 0.71 0.03
160509A 1.17 19334.10 652.25 49.91 1.36
160625B 1.406 1546.86 37.25 83.54 1.16
170214A 2.53 2119.788 119.06 22.40 0.29
170405A 3.51 1424.42 35.24 9.24 0.09
971214 3.42 685.0 133.0 0.87 0.11
990123 1.6 1724.0 466.0 35.80 5.80
990510 1.619 423.0 42.0 2.60 0.40
000131 4.5 987.0 416.0 4.70 0.80
000926 2.07 310.0 20.0 2.60 0.60
010222 1.48 766.00 30.0 14.6 1.50
011211 2.14 186.0 24.0 0.50 0.06
020124 3.2 448.0 148.0 1.20 0.10
021004 2.3 266.0 117.0 0.27 0.04
030226 1.98 289.0 66.0 1.30 0.10
030323 3.37 270.0 113.0 0.12 0.04
030328 1.52 328.00 55.0 6.40 0.60
030429 2.65 128.0 26.0 0.14 0.02
040912 1.563 44.00 33.0 0.21 0.06
050318 1.44 115.00 25.0 0.42 0.03
050401 2.9 467.0 110.0 1.90 0.40
050603 2.821 1333.0 107.0 3.50 0.20
050820 2.612 1325.0 277.0 6.40 0.50
050904 6.29 3178 1094.0 2.00 0.20
050922C 2.198 415.0 111.0 0.47 0.16
051109A 2.346 539.0 200.0 0.51 0.05
060115 3.53 285.0 34.0 0.25 0.04
060124 2.296 784.0 285.0 3.40 0.50
060206 4.048 394.0 46.0 0.14 0.03
060418 1.489 572.00 143.0 2.30 0.50
060526 3.21 105.0 21.0 0.12 0.06
060707 3.425 279.0 28.0 0.23 0.04
060908 2.43 514.0 102.0 0.73 0.07
060927 5.6 475.0 47.0 0.27 0.04
070125 1.547 934.00 148.0 13.30 1.30
071003 1.604 2077 286 5.32 0.590
071020 2.145 1013.0 160.0 0.87 0.40
080319C 1.95 906.0 272.0 1.50 0.30
080413 2.433 584.0 180.0 0.56 0.14
080514B 1.8 627.0 65.0 2.027 0.48
080603B 2.69 376.0 100.0 0.64 0.058
080605 1.6398 650.0 55.0 3.40 0.28
080607 3.036 1691.0 226.0 8.96 0.48
080721 2.591 1741.0 227.0 7.86 1.37
080810 3.35 1470.0 180.0 1.82 0.20
080913 6.695 710.0 350.0 0.12 0.035
081008 1.9685 261.0 52.0 0.96 0.09
081028 3.038 234.0 93.0 0.81 0.095
081118 2.58 147.0 14.0 0.27 0.057
081121 2.512 47.23 1.08 1.71 0.33
081222 2.77 505.0 34.0 1.67 0.17
090102 1.547 1149.00 166.0 3.48 0.63
090418 1.608 1567 384 2.35 0.59
090423 8.2 491.0 200.0 0.12 0.032
090516 4.109 971.0 390.0 1.96 0.38
090715B 3.0 536.0 172.0 1.09 0.17
090812 2.452 2000.0 700.0 3.08 0.53
091020 1.71 280.0 190.0 0.11 0.034
091029 2.752 230.0 66.0 0.47 0.044
100413 3.9 1783.60 374.85 2.36 0.77
100621 0.54 146.49 23.9 5.75 0.64
100704 3.6 809.60 135.70 0.70 0.07
100814 1.44 312.32 48.8 1.39 0.23
100906 1.73 387.23 244.07 3.56 0.55
110205 2.22 740.60 322.0 3.32 0.68
110213 1.46 223.86 70.11 1.55 0.23
110422 1.77 421.04 13.85 9.32 0.02
110503 1.61 572.25 50.95 2.76 0.21
110715 0.82 218.40 20.93 2.73 0.24
110731 2.83 1164.32 49.79 2.51 0.01
110818 3.36 1117.47 241.11 1.05 0.08
111008 5.0 894.00 240.0 1.06 0.11
111107 2.89 420.44 124.58 0.18 0.03
111209 0.68 519.87 88.88 69.47 8.72
120119 1.73 417.38 54.56 4.62 0.59
120326 1.8 129.97 10.27 0.44 0.02
120724 1.48 68.45 18.60 0.15 0.02
120802 3.8 274.33 93.04 0.43 0.07
120811C 2.67 157.49 20.92 0.74 0.07
120909 3.93 1651.55 123.25 2.69 0.23
120922 3.1 156.62 0.04 1.59 0.18
121128 2.2 243.20 12.8 0.87 0.07
130215 0.6 247.54 100.61 4.84 0.12
130408 3.76 1003.94 137.98 0.99 0.17
130420A 1.3 128.63 6.89 1.73 0.06
130505 2.27 2063.37 101.37 4.56 0.09
130514 3.6 496.80 151.8 1.88 0.25
130606 5.91 2031.54 483.7 0.49 0.09
130610 2.09 911.83 132.65 0.82 0.05
130612 2.01 186.07 31.56 0.08 0.01
130701A 1.16 191.80 8.62 0.46 0.04
130831A 0.48 81.35 5.92 1.29 0.07
130907A 1.24 881.77 24.62 75.21 4.76
131030A 1.29 405.86 22.93 1.05 0.10
131105A 1.69 547.68 83.53 4.75 0.16
131117A 4.04 221.85 37.31 0.05 0.01
140206A 2.73 447.60 22.38 1.69 0.03
140213A 1.21 176.61 4.42 2.53 0.04
180325A 2.24800 993.888 146.16 2.143 0.338
171222A 2.409 99.4746 9.30657 0.324512 0.0328681
171010A 0.3285 204.589 1.3285 90.6418 0.535392
170705A 2.01 301. 30.1 1.65024 0.0603516
170607A 0.557 239.778 20.241 1.11395 0.0380721
170113A 1.968 217.554 99.7248 0.089964 0.018213
161129A 0.645 324.065 34.545 0.904616 0.044168
161117A 1.549 173.434 6.78034 4.81252 0.120027
161023A 2.708 604.404 122.364 3.92222 0.760559
161017A 2.013 899.38 135.585 0.756934 0.0487691
161014A 2.823 638.441 57.345 0.558496 0.0313038
160804A 0.736 128.464 5.208 1.73849 0.349881
160629A 3.332 1280.11 83.6076 2.04994 0.108957
160623A 0.367 768.254 31.441 66.9602 1.11025
160131A 0.972 1155.59 510.748 19.325 2.43849
151029A 1.423 82.1397 16.7187 0.0540757 0.0143314
151027A 0.81 615.4 114.03 2.32559 0.12751
151021A 2.33 566.1 69.93 7.94444 1.11551
150821A 0.755 565.11 31.59 9.81472 0.411068
150323A 0.593 151.335 23.895 1.43267 0.194236
150301B 1.5169 644.326 80.5408 0.483594 0.0247793
150206A 2.087 703.836 111.132 4.85916 0.69298
141225A 0.915 358.105 55.535 1.02699 0.0905728
141221A 1.452 373.685 69.882 0.361238 0.0431316
141220A 1.3195 440.705 20.8755 0.537374 0.015526
141109A 2.993 762.663 239.58 1.61747 0.281326
140907A 1.21 249.73 15.47 0.595831 0.0229987
140808A 3.29 494.208 33.033 0.34203 0.0227386
140801A 1.32 271.44 6.96 0.146041 0.00500141
140629A 2.275 281.65 55.675 0.494905 0.14436
140623A 1.92 1022. 467.2 0.838561 0.0965842
140620A 2.04 234.08 15.2 0.61385 0.0276807
140518A 4.707 250.537 43.3732 0.142946 0.0323412
140515A 6.32 379.176 161.04 0.0935811 0.0232604
1404512A 0.725 1014.3 144.9 5.65642 0.276597
140508A 1.027 519.317 23.9186 8.21352 0.26113
7140506A 0.889 266.349 68.004 0.534147 0.0487654
140423A 3.26 532.5 38.34 2.59153 0.144394
140419A 3.956 1452.11 416.304 4.46832 3.72535
131011A 1.874 632.28 86.22 10.0183 0.601191
120923A 7.8 391.6 61.6 0.0395298 0.0146089
120716A 2.486 457.088 36.9619 0.417853 0.0320048
120712A 4.1745 641.638 134.537 0.578652 0.0100193
120711A 1.405 2978.52 120.191 15.4165 0.280448
111228A 0.714 58.276 6.856 3.05647 0.309143
110128A 2.339 457.088 156.978 0.0247106 0.00466529
110106B 0.618 192.309 25.3506 0.228205 0.017397
101219B 0.55 108.5 12.4 0.762773 0.0857799
101213A 0.414 445.41 58.3982 1.528 0.0312484
100816A 0.8049 246.73 8.53718 1.01651 0.0352818
100728B 2.106 406.886 46.59 0.251638 0.0109019
091024 1.092 658.98 79.496 14.4267 3.59995
091018 0.971 55. 26. 0.325669 0.0944063
090926B 1.24 212. 4.3 0.99881 0.0164172
090618 0.54 250.092 5.67073 21.9287 0.376146
090205 4.6497 192.09 84.7455 0.0282306 0.0116172
081221 2.26 284. 2. 2.90175 0.0143634
081203A 2.05 1516.15 743.806 3.33424 1.23259
081007 0.5295 61. 15. 0.244793 0.0458312
080916A 0.689 208. 11. 0.744602 0.0228566
080804 2.2045 810. 45. 1.0018 0.0355362
080413B 1.1 140.7 23.1 0.586515 0.0718737
080411 1.03 525.77 62.93 7.86509 0.429758
080319B 0.937 1260.99 27.118 57.8987 1.44947
080207 2.0858 332.649 223.721 1.03812 0.251242
071117 1.331 648.018 184.149 0.788892 0.200225
071010B 0.947 86.5 6.4 0.544996 0.0435997
070521 2.0865 685.203 74.076 1.97615 0.211539
061222B 3.355 200. 28. 0.373567 0.0797169
061222A 2.088 1000.51 148.224 3.018 0.505748
061126 1.1588 1337. 410. 3.22523 0.44437
061121 1.314 1402.28 187.434 6.13323 0.441226
061007 1.261 902.139 42.959 23.9543 1.54192
060904B 0.703 135. 41. 0.222637 0.0444387
060814 0.84 473. 155. 3.40967 0.428571
060729 0.54 158.928 59.29 0.812083 0.111824
060714 2.711 234. 109. 0.757104 0.256061
060607A 3.082 575. 200. 0.458219 0.0814474
060306 1.559 179.13 76.77 0.330587 0.0783263
060218 0.0331 4.82458 1.18806 1.69331 0.476388
060210 3.91 575. 186. 1.19166 0.707457
051109A 2.346 538.706 274.372 0.519357 0.269718
051022 0.809 385.317 32.562 34.364 7.17341
050525 0.606 135.065 2.7302 10.1047 0.143371
041219 0.31 205.041 87.9977 28.9945 3.49148
041006 0.716 108. 22. 5.21576 0.73614
030528 0.78 56.96 8.9 1.37361 0.192386
030329 0.1685 79. 3. 15.8982 1.69327
021211 1.01 94. 19. 0.430575 0.0751039
020819B 0.41 70. 21. 1.59176 0.732597
020405 0.69 617. 171. 11.0108 1.78407
010921 0.45 129. 26. 2.07651 0.134953
000911 1.06 1856. 371. 20.6182 2.16062
991216 1.02 642. 129. 24.2508 3.37965
990712 0.433 93. 15. 1.72765 0.176392
990705 0.843 348. 28. 13.3866 1.67142
990506 1.3 653. 130. 24.6621 3.21429
980703 0.966 499. 100. 2.88508 0.290964
980613 1.096 194. 89. 0.189815 0.0501064
970828 0.958 583. 117. 12.143 1.98359
970508 0.835 145. 43. 0.44526 0.0849239
970228 0.695 195. 64. 2.18643 0.299176
